INTA_SANMARTIN                             -31.12340   -67.54320   650.00000 2026-05-25 20:59:00     1
     1     1  -999999.00000  -999999.00000    95620.00000  -999999.00000  -999999.00000  -999999.00000  -999999.00000
  -999999.00000  -999999.00000  -999999.00000  -999999.00000  -999999.00000  -999999.00000  -999999.00000  -999999.00000
INTA_POCITO                                -31.56780   -67.89010   580.00000 2026-05-25 20:59:00     1
     1     1      282.35000       76.00000    94510.00000  -999999.00000        0.00000      159.00000      278.35000
  -999999.00000  -999999.00000  -999999.00000  -999999.00000  -999999.00000  -999999.00000  -999999.00000  -999999.00000
VALLE_FERTIL                               -31.90120   -67.23450  1120.00000 2026-05-25 20:59:00     1
     1     1      282.85000       69.00000    92020.00000  -999999.00000        1.40000      324.00000      277.45000
  -999999.00000  -999999.00000  -999999.00000  -999999.00000  -999999.00000  -999999.00000  -999999.00000  -999999.00000
CUESTA_Viento                              -32.34560   -66.56780  1850.00000 2026-05-25 20:59:00     1
     1     1      284.45000       48.00000    85450.00000  -999999.00000        7.20000      155.00000      273.85000
  -999999.00000  -999999.00000  -999999.00000  -999999.00000  -999999.00000  -999999.00000  -999999.00000  -999999.00000
ULLUM_EMBALSE                              -31.78900   -66.90120  1150.00000 2026-05-25 20:59:00     1
     1     1      286.85000       55.00000    92870.00000  -999999.00000        7.20000      179.00000      277.95000
  -999999.00000  -999999.00000  -999999.00000  -999999.00000  -999999.00000  -999999.00000  -999999.00000  -999999.00000
PUNTA_NEGRA                                -31.45670   -66.34560  1420.00000 2026-05-25 20:59:00     1
     1     1      284.35000       61.00000    92120.00000  -999999.00000        0.00000      213.00000      277.15000
  -999999.00000  -999999.00000  -999999.00000  -999999.00000  -999999.00000  -999999.00000  -999999.00000  -999999.00000
CARACOLES                                  -31.67890   -66.78900  1580.00000 2026-05-25 20:59:00     1
     1     1      284.95000       61.00000    90820.00000  -999999.00000        0.00000      148.00000      277.65000
  -999999.00000  -999999.00000  -999999.00000  -999999.00000  -999999.00000  -999999.00000  -999999.00000  -999999.00000
ECOHUMUS                                   -31.50000   -67.00000   700.00000 2026-05-25 20:59:00     1
     1     1      281.35000       67.00000    95310.00000  -999999.00000        0.00000      194.00000      275.55000
  -999999.00000  -999999.00000  -999999.00000  -999999.00000  -999999.00000  -999999.00000  -999999.00000  -999999.00000
  -999999.00000
  -999999.00000
  -999999.00000
  -999999.00000
  -999999.00000
  -999999.00000
  -999999.00000
000000000000000000000000000000000000000000000000000000000000000000000000000000000000000000000000000000000000000000000000