INTA_SANMARTIN                             -31.12340   -67.54320   650.00000 2026-05-09 19:30:00     1
     1     1      282.25000       46.00000    95990.00000        0.00000        0.00000       18.00000      271.25000
  -999999.00000  -999999.00000  -999999.00000  -999999.00000  -999999.00000  -999999.00000  -999999.00000  -999999.00000
INTA_POCITO                                -31.56780   -67.89010   580.00000 2026-05-09 19:30:00     1
     1     1      282.95000       48.00000    94880.00000        0.00000        0.00000      103.00000      272.45000
  -999999.00000  -999999.00000  -999999.00000  -999999.00000  -999999.00000  -999999.00000  -999999.00000  -999999.00000
VALLE_FERTIL                               -31.90120   -67.23450  1120.00000 2026-05-09 19:30:00     1
     1     1      281.85000       47.00000    92360.00000        0.00000        0.00000      154.00000      271.25000
  -999999.00000  -999999.00000  -999999.00000  -999999.00000  -999999.00000  -999999.00000  -999999.00000  -999999.00000
CUESTA_Viento                              -32.34560   -66.56780  1850.00000 2026-05-09 19:30:00     1
     1     1      279.05000       59.00000    85700.00000        0.00000        6.10000      150.00000      271.65000
  -999999.00000  -999999.00000  -999999.00000  -999999.00000  -999999.00000  -999999.00000  -999999.00000  -999999.00000
ULLUM_EMBALSE                              -31.78900   -66.90120  1150.00000 2026-05-09 19:30:00     1
     1     1      284.35000       40.00000    93210.00000        0.00000        6.10000       71.00000      271.25000
  -999999.00000  -999999.00000  -999999.00000  -999999.00000  -999999.00000  -999999.00000  -999999.00000  -999999.00000
PUNTA_NEGRA                                -31.45670   -66.34560  1420.00000 2026-05-09 19:30:00     1
     1     1      282.45000       43.00000    92470.00000        0.00000        0.70000      226.00000      270.45000
  -999999.00000  -999999.00000  -999999.00000  -999999.00000  -999999.00000  -999999.00000  -999999.00000  -999999.00000
CARACOLES                                  -31.67890   -66.78900  1580.00000 2026-05-09 19:30:00     1
     1     1      282.85000       46.00000    91170.00000        0.00000        0.00000      128.00000      271.85000
  -999999.00000  -999999.00000  -999999.00000  -999999.00000  -999999.00000  -999999.00000  -999999.00000  -999999.00000
ECOHUMUS                                   -31.50000   -67.00000   700.00000 2026-05-09 19:30:00     1
     1     1      282.85000       46.00000    95700.00000        0.00000        2.90000       27.00000      271.85000
  -999999.00000  -999999.00000  -999999.00000  -999999.00000  -999999.00000  -999999.00000  -999999.00000  -999999.00000
  -999999.00000
  -999999.00000
  -999999.00000
  -999999.00000
  -999999.00000
  -999999.00000
  -999999.00000
000000000000000000000000000000000000000000000000000000000000000000000000000000000000000000000000000000000000000000000000